         BJD|       RV|  sigma|   FWHM|Contrast|      BIS| S-index|     Ha
52986.769625| 18.40354|0.00145|2.97871|27.91234| -5.50100| 0.71683|0.07591
52998.774768| 18.40073|0.00091|2.96841|27.67013| -8.65700| 0.69299|0.07457
53343.769216| 18.40549|0.00158|2.96227|27.41423| -3.31700| 0.71733|0.07665
53370.806664| 18.40891|0.00081|2.97153|27.80775| -7.43500| 0.69075|0.07491
53371.752065| 18.40807|0.00086|2.97149|27.63837| -6.45600| 0.74705|0.07585
53372.725047| 18.40842|0.00094|2.97386|27.85808| -6.11400| 0.68818|0.07466
53373.743236| 18.40827|0.00089|2.97169|27.65849| -7.64800| 0.67819|0.07563
53376.718116| 18.40813|0.00098|2.96720|27.49864| -8.93000| 0.67491|0.07565
53377.709863| 18.40650|0.00087|2.96360|27.50865| -7.33500| 0.67755|0.07571
53809.594622| 18.41105|0.00080|2.96783|27.49974| -6.61500| 0.65216|0.07147
53882.473921| 18.40764|0.00109|2.96130|27.37236| -5.86100| 0.68695|0.07429
54122.685331| 18.41518|0.00087|2.97262|27.49480| -9.79400| 0.72792|0.07269
54166.583084| 18.41272|0.00099|2.96946|27.49043| -8.18600| 0.58368|0.07159
54168.600417| 18.41310|0.00079|2.96766|27.48976| -8.47200| 0.63281|0.07376
54170.614529| 18.41061|0.00092|2.96487|27.43003| -6.81000| 0.63916|0.07385
54172.565182| 18.41187|0.00079|2.97010|27.50964| -8.03100| 1.07294|0.07751
54174.594089| 18.41405|0.00087|2.96549|27.42195| -6.62800| 0.60356|0.07244
54197.549776| 18.41348|0.00099|2.96903|27.43340| -8.08100| 0.58522|0.07272
54230.466669| 18.41524|0.00105|2.96439|27.27798| -8.35100| 0.56453|0.07287
54419.844384| 18.41500|0.00079|2.97079|27.44220| -7.72100| 0.72035|0.07517
54423.817207| 18.41377|0.00093|2.97237|27.39786| -8.68200| 0.81272|0.07731
54427.772699| 18.41067|0.00081|2.97297|27.42915| -6.40300| 0.74641|0.07398
54446.814818| 18.41354|0.00084|2.97430|27.46432| -8.41100| 0.78126|0.07325
54448.820568| 18.41290|0.00092|2.96878|27.34758|-11.83500| 0.78982|0.07272
54450.794968| 18.41356|0.00083|2.96941|27.42271| -9.30800| 0.77884|0.07300
54456.800705| 18.41588|0.00085|2.97306|27.41704| -6.01500| 0.79515|0.07329
54457.742892| 18.41444|0.00077|2.97840|27.55179| -8.81600| 0.80089|0.07368
54458.719732| 18.41345|0.00092|2.97291|27.38615| -9.36500| 0.79903|0.07391
54459.686929| 18.41551|0.00094|2.97549|27.35758|-10.61300| 0.76741|0.07337
54462.750494| 18.41313|0.00082|2.97351|27.46356| -7.21700| 0.83587|0.07333
54464.772398| 18.41199|0.00077|2.97555|27.57515| -6.63300| 0.76749|0.07323
54522.666754| 18.41822|0.00087|2.97449|27.39866| -7.02700| 1.09295|0.07929
54527.636909| 18.41938|0.00081|2.96887|27.36354| -7.62800| 0.87327|0.07454
54551.611043| 18.41909|0.00083|2.96562|27.25632| -7.68100| 0.87736|0.07473
54552.534316| 18.41671|0.00079|2.97377|27.39810|-10.67700| 0.93035|0.07580
54555.557823| 18.41710|0.00084|2.97139|27.39465| -9.35700| 0.95685|0.07595
54562.506663| 18.41551|0.00076|2.97380|27.55625| -9.16500| 0.90692|0.07439
54566.496586| 18.41588|0.00082|2.97502|27.45266| -5.07500| 0.84561|0.07437
54571.512198| 18.41573|0.00089|2.97230|27.33479| -7.52100| 0.90975|0.07621
54775.834894| 18.40781|0.00081|2.97232|27.41756| -7.99000| 0.74350|0.07440
54779.766792| 18.40491|0.00086|2.96747|27.36679| -6.70200| 0.73511|0.07340
54913.620769| 18.41416|0.00081|2.96945|27.30984| -8.73200| 0.75956|0.07197
54914.582072| 18.41606|0.00083|2.97324|27.38906| -9.80900| 0.75860|0.07223
54915.536500| 18.41571|0.00089|2.97266|27.39146| -8.60900| 0.72696|0.07187
54916.560737| 18.41632|0.00085|2.97484|27.33991| -5.70000| 0.82153|0.07286
54917.554628| 18.41566|0.00088|2.97738|27.45931| -8.92200| 0.82321|0.07437
54918.566086| 18.41753|0.00080|2.97559|27.38583| -6.49100| 0.77145|0.07188
54919.526993| 18.41965|0.00077|2.97608|27.45001| -7.53900| 0.82998|0.07388
54920.581410| 18.41922|0.00089|2.96923|27.26817| -7.67200| 0.98593|0.07694
54932.518355| 18.41439|0.00080|2.97660|27.50431| -7.15700| 0.87377|0.07324
54933.516720| 18.41673|0.00082|2.97174|27.34351| -7.31500| 0.86197|0.07348
54934.500192| 18.41593|0.00088|2.97730|27.39382| -6.72200| 0.82492|0.07353
54936.499261| 18.41480|0.00092|2.98095|27.48114| -8.41100| 0.92199|0.07448
54937.498854| 18.41656|0.00089|2.97770|27.43184| -9.30700| 0.96283|0.07754
54938.473356| 18.41789|0.00080|2.97801|27.46918| -4.88000| 0.85261|0.07265
54939.508305| 18.41745|0.00086|2.97539|27.38930| -9.29600| 0.82382|0.07335
54940.521623| 18.41596|0.00091|2.97912|27.40799| -8.87600| 0.85259|0.07287
54946.492672| 18.41514|0.00084|2.97712|27.53571| -8.00900| 0.79404|0.07217
54951.477885| 18.41467|0.00091|2.97771|27.47824| -4.47200| 0.81075|0.07174
54954.483482| 18.41431|0.00085|2.97367|27.34189| -7.22500| 0.76680|0.07209
55122.858861| 18.41760|0.00098|2.97412|27.25748| -6.46300| 0.67073|0.07509
55126.872125| 18.41732|0.00089|2.97089|27.31362| -5.52700| 0.74178|0.07700
56307.789125| 18.41806|0.00087|2.96365|26.90067| -9.98100| 0.79608|0.07610
56308.615950| 18.41922|0.00092|2.96689|27.03197|-10.16100| 0.81205|0.07711
56310.691665| 18.41627|0.00101|2.97277|27.15207|-10.03900| 0.60028|0.07407
56311.626008| 18.41848|0.00121|2.97077|27.07558| -9.52400| 0.63524|0.07567
56312.722975| 18.42262|0.00132|2.97100|26.95121|-12.09500| 0.63145|0.07584
56314.747090| 18.41715|0.00098|2.97155|27.01433| -9.97800| 0.70596|0.07510
56315.643754| 18.42183|0.00159|2.97562|26.87110| -5.74100| 0.66735|0.07464
56320.705129| 18.42329|0.00109|2.97289|27.12021| -9.95100| 0.65926|0.07443
56321.727093| 18.42057|0.00095|2.97194|27.00527| -7.66300| 0.63755|0.07425
56322.652346| 18.42272|0.00101|2.97706|27.08939| -9.45400| 0.78030|0.07526
56323.680892| 18.41868|0.00093|2.97552|27.10722|-10.48400| 0.65977|0.07409
56324.642159| 18.41818|0.00135|2.97519|27.02004| -9.18800| 0.70878|0.07299
56325.667508| 18.42065|0.00112|2.97410|27.03004|-11.05800| 0.83674|0.07675
56326.664511| 18.41759|0.00101|2.97576|27.06155|-10.55400| 0.70539|0.07474
56327.679718| 18.41907|0.00094|2.97379|27.10307| -5.65000| 0.74982|0.07411
56328.577254| 18.41759|0.00104|2.97186|27.02428| -9.50100| 0.70617|0.07415
56329.611068| 18.41709|0.00098|2.96910|27.03097| -4.86500| 0.67021|0.07429
56331.596277| 18.41530|0.00102|2.96925|26.99218| -8.31500| 0.73301|0.07352
56332.634450| 18.41653|0.00101|2.97108|27.08036|-10.26500| 0.80076|0.07504
56333.664010| 18.41633|0.00089|2.97091|27.05878| -9.03300| 0.75565|0.07398
56335.610169| 18.41830|0.00090|2.97273|27.03220| -8.34400| 0.76330|0.07510
56336.611555| 18.41835|0.00095|2.97421|27.06045| -7.16600| 0.76420|0.07456
56353.574676| 18.41641|0.00094|2.97788|27.15281| -7.35000| 0.84678|0.07507
56355.598545| 18.41828|0.00096|2.97911|27.06661| -8.40900| 0.91356|0.07757
56357.625292| 18.41795|0.00087|2.97698|27.11178|-10.12400| 0.80462|0.07431
56360.586627| 18.41817|0.00102|2.97657|27.11530| -9.50200| 0.82882|0.07476
56361.635838| 18.41594|0.00101|2.97542|27.04491| -8.45500| 0.78718|0.07575
56363.590519| 18.41579|0.00093|2.97614|27.11070| -8.14800| 0.93563|0.07819
56364.618328| 18.41301|0.00083|2.97139|27.07778| -9.27100| 0.75810|0.07367
56365.612876| 18.41293|0.00087|2.97410|27.03863|-10.51800| 0.75463|0.07415
56367.564391| 18.41325|0.00089|2.97691|27.15100| -7.81600| 0.78785|0.07317
56368.588297| 18.41407|0.00093|2.97466|27.07103| -8.07200| 1.24303|0.08467
56369.576870| 18.41445|0.00084|2.97546|27.09786| -8.59200| 0.76154|0.07428
56371.520139| 18.41472|0.00098|2.97706|27.10259| -9.35000| 0.74660|0.07434
56372.492218| 18.41202|0.00087|2.97199|27.04659|-10.12800| 0.80217|0.07505
56374.522768| 18.41426|0.00088|2.97565|27.10369| -6.13600| 0.75164|0.07362
56417.477216| 18.41967|0.00129|2.97562|27.03488| -7.69000| 0.99242|0.07899
56418.478552| 18.41605|0.00107|2.97659|27.08375| -8.32000| 0.75176|0.07493
56419.459612| 18.41829|0.00112|2.97559|27.02741| -7.68900| 0.73400|0.07465
56420.498121| 18.41858|0.00103|2.97255|27.08891| -8.57100| 0.69084|0.07426
56421.474125| 18.42185|0.00116|2.97014|26.99157|-11.16500| 0.76845|0.07471
56422.466135| 18.41863|0.00111|2.97150|26.97360| -8.99800| 0.78171|0.07482
56423.489475| 18.41701|0.00112|2.97317|26.91271| -9.17200| 0.77221|0.07534
56423.497460| 18.41722|0.00113|2.96843|26.90973| -7.62300| 0.75399|0.07458
56424.454475| 18.41839|0.00132|2.97777|27.04158| -9.23900| 0.62420|0.07530
56424.462807| 18.41867|0.00127|2.97982|27.07076| -9.59000| 0.80737|0.07560
56426.472363| 18.42055|0.00108|2.97604|27.00307| -7.14300| 0.79949|0.07529
56427.457075| 18.41922|0.00121|2.97666|27.06062| -8.58100| 1.04264|0.08144
56428.470454| 18.41878|0.00113|2.97582|27.03144| -9.46800| 0.69616|0.07493
56610.831488| 18.42406|0.00107|2.98131|27.04939| -8.37400| 2.59384|0.10773
56613.841040| 18.42442|0.00106|2.97992|27.13775| -9.65000| 0.74361|0.07713
56614.804104| 18.42605|0.00088|2.97456|27.06685|-11.22900| 0.79348|0.07751
56615.838827| 18.42650|0.00100|2.97814|27.13785| -8.12200| 0.78398|0.07761
56620.753324| 18.43021|0.00163|2.97664|26.77291|-10.40000| 0.67104|0.07610
56620.844245| 18.42957|0.00179|2.98472|26.80123| -9.13600| 0.71579|0.07910
56623.807504| 18.42432|0.00087|2.97834|27.10346| -9.45100| 0.75283|0.07623
56626.819020| 18.42365|0.00087|2.98048|27.08189| -9.13500| 0.73041|0.07574
56628.834118| 18.42617|0.00103|2.98121|27.08271| -9.03000| 0.74205|0.07605
56631.799826| 18.42419|0.00137|2.98024|27.12018| -9.49900| 0.67527|0.07657
56656.669846| 18.42672|0.00103|2.98211|27.07660| -8.24500| 0.83979|0.07758
56656.722196| 18.42664|0.00132|2.97594|27.08608| -7.11900| 0.81231|0.07595
56656.771225| 18.42662|0.00108|2.98121|27.10948| -9.01300| 0.77594|0.07631
56657.603189| 18.42693|0.00128|2.97133|27.00131|-10.95500| 0.88886|0.07675
56657.714187| 18.42630|0.00112|2.98241|27.10089| -7.40700| 0.75567|0.07610
56657.769732| 18.42538|0.00107|2.98399|27.17700| -8.81900| 0.89221|0.07802
56658.721928| 18.42354|0.00101|2.98381|27.22623| -9.30500| 0.87310|0.07960
56658.778341| 18.42449|0.00096|2.98258|27.14501|-10.31200| 0.81257|0.07714
56659.704378| 18.42238|0.00099|2.97717|27.08212| -9.13300| 0.87088|0.07785
56659.761300| 18.42192|0.00093|2.98224|27.16126| -8.64300| 0.74960|0.07539
56660.697093| 18.42281|0.00108|2.97756|27.04225| -8.15200| 0.80352|0.07685
56660.756920| 18.42331|0.00111|2.97818|27.06647| -5.37500| 0.77711|0.07568
56661.611471| 18.42334|0.00129|2.97042|26.92812|-11.78100| 0.93060|0.07838
56661.670986| 18.42431|0.00115|2.97478|27.00618| -8.37200| 0.84249|0.07653
56661.728197| 18.42368|0.00110|2.97836|27.07417| -9.88100| 0.78919|0.07613
56665.589518| 18.42186|0.00113|2.96536|26.95037| -8.35700| 0.77399|0.07576
56665.644958| 18.42064|0.00104|2.97680|27.07766| -7.98100| 0.73009|0.07581
56665.660988| 18.42181|0.00104|2.97717|27.09266| -7.39300| 0.77634|0.07606
56665.677099| 18.42309|0.00113|2.98068|27.10987|-11.31800| 0.81854|0.07644
56665.695144| 18.42236|0.00105|2.97889|27.15043| -7.40400| 0.84316|0.07686
56665.728824| 18.42191|0.00104|2.98117|27.09528| -9.33000| 0.78768|0.07632
56665.744438| 18.42201|0.00111|2.98341|27.13004| -8.53800| 0.74551|0.07655
56665.760306| 18.42297|0.00112|2.97943|27.13761| -7.26300| 0.82329|0.07645
56666.566157| 18.42378|0.00138|2.96803|26.92621| -8.70800| 0.73704|0.07591
56666.640521| 18.42086|0.00109|2.97469|27.01870| -9.00500| 0.75083|0.07574
56666.658658| 18.42235|0.00105|2.97860|27.06970|-10.50300| 0.84603|0.07668
56666.689654| 18.42198|0.00102|2.98225|27.14704| -8.51000| 0.88474|0.07795
56666.708300| 18.42249|0.00100|2.97973|27.15594| -4.27400| 0.79223|0.07588
56666.756494| 18.42298|0.00096|2.98170|27.16000| -7.67200| 0.88312|0.07838
56667.576801| 18.42431|0.00122|2.97011|26.94702| -6.18400| 0.85257|0.07668
56667.668560| 18.42225|0.00120|2.98068|27.07410|-10.58200| 0.71160|0.07529
56667.686211| 18.42434|0.00116|2.98042|27.08515| -9.78100| 0.73523|0.07599
56667.717704| 18.42243|0.00106|2.98077|27.12256| -8.72100| 0.77189|0.07549
56667.757982| 18.42338|0.00101|2.98186|27.09978| -8.13900| 0.79554|0.07616
56678.672904| 18.41976|0.00096|2.98548|27.16012| -8.06400| 0.75813|0.07568
56680.698488| 18.42193|0.00091|2.98198|27.13006| -9.45900| 0.84131|0.07803
56692.616462| 18.42347|0.00095|2.97682|27.03478|-10.66600| 0.76736|0.07531
56693.608046| 18.42280|0.00093|2.97939|27.03419| -8.84200| 0.76693|0.07626
56694.640530| 18.42375|0.00100|2.98407|27.17169| -9.88300| 0.74258|0.07544
56695.587749| 18.42463|0.00092|2.97942|27.09086| -8.48600| 0.81514|0.07625
56696.611862| 18.42101|0.00100|2.98392|27.16551| -9.71500| 0.76006|0.07537
56697.632848| 18.42177|0.00090|2.97879|27.09092| -7.97900| 0.80790|0.07536
56713.621163| 18.42306|0.00102|2.97826|27.04741| -7.72300| 0.88327|0.07647
56714.625345| 18.42499|0.00122|2.98228|27.01296| -9.23600| 0.93354|0.07834
56716.639607| 18.42201|0.00097|2.97838|27.01615| -7.81400| 0.85034|0.07736
56718.641538| 18.42286|0.00106|2.97951|27.00431|-10.47600| 0.90624|0.07834
56719.608402| 18.42240|0.00107|2.98385|27.15640|-10.96800| 0.82686|0.07608
56720.631533| 18.42132|0.00105|2.98209|27.07022| -8.26300| 0.93539|0.07792
56721.599367| 18.42135|0.00097|2.98282|27.12918| -9.77000| 1.03358|0.08053
56722.593170| 18.42042|0.00102|2.97889|27.10865| -7.93300| 0.80845|0.07665
56723.599297| 18.42325|0.00099|2.97855|27.07863| -8.26200| 0.82447|0.07604
56724.567973| 18.42267|0.00089|2.97582|27.09457| -9.65200| 0.81793|0.07623
56726.574112| 18.42227|0.00090|2.97801|27.06370| -8.47900| 0.86438|0.07786
56730.589864| 18.42246|0.00103|2.98157|27.07677| -3.91500| 0.82973|0.07775
56732.546171| 18.42503|0.00134|2.98544|27.07257| -7.43900| 0.88872|0.07968
56738.546949| 18.41919|0.00102|2.98313|27.13458| -6.90700| 0.80967|0.07631
56739.506008| 18.41964|0.00098|2.98346|27.06977|-10.96200| 0.87134|0.07718
56740.500445| 18.41878|0.00090|2.98407|27.17593| -8.73400| 0.83157|0.07716
56741.511280| 18.42041|0.00084|2.98289|27.16678| -8.36700| 0.84686|0.07744
56742.506595| 18.42192|0.00090|2.98676|27.21100| -8.81800| 0.90616|0.07725
56744.512026| 18.42073|0.00088|2.98119|27.07626| -9.45400| 0.88500|0.07633
56745.507004| 18.42185|0.00094|2.97943|27.07962| -9.27900| 0.98439|0.08010
56746.520209| 18.42205|0.00086|2.98191|27.11604| -9.24300| 0.81397|0.07641
56747.537465| 18.42343|0.00096|2.97715|26.99298|-12.55900| 0.77535|0.07483
56764.497762| 18.42137|0.00092|2.97709|27.01861|-10.87600| 0.78813|0.07548
56765.489138| 18.42521|0.00096|2.97676|27.06104|-12.37600| 0.78247|0.07636
56766.493187| 18.42420|0.00085|2.98071|27.07011| -9.07100| 0.84020|0.07684
56767.508959| 18.42356|0.00094|2.98391|27.14851| -9.39700| 0.88020|0.07655
56768.479111| 18.42265|0.00090|2.97972|27.02908| -9.77900| 0.85882|0.07647
56930.895481| 18.42412|0.00105|2.97412|26.98234| -8.76000| 0.84599|0.07806
56989.802327| 18.42124|0.00086|2.98202|27.13837| -9.70800| 0.76132|0.07539
56990.781226| 18.42221|0.00093|2.98506|27.21792| -9.75800| 0.80189|0.07693
56991.805092| 18.42297|0.00104|2.98753|27.21207| -6.44900| 0.76935|0.07607
56992.792265| 18.42499|0.00089|2.98412|27.14827| -8.84300| 0.81131|0.07666
56993.823236| 18.42345|0.00101|2.98670|27.11611| -8.24500| 0.92000|0.07943
56994.828439| 18.42238|0.00120|2.98649|27.11593|-10.05300| 0.71950|0.07536
56995.853064| 18.41980|0.00106|2.98602|27.17976| -7.58300| 0.69423|0.07399
56997.783090| 18.42157|0.00084|2.98484|27.12983| -8.68100| 0.76022|0.07556
56998.766401| 18.42117|0.00106|2.98294|27.05534| -9.32400| 0.78519|0.07603
57000.722254| 18.41970|0.00098|2.97982|27.01306|-10.60500| 0.75043|0.07514
57000.835999| 18.42024|0.00089|2.98364|27.12950| -6.76500| 0.71090|0.07455
57001.860419| 18.42320|0.00158|2.98533|26.60969| -9.83500| 0.59964|0.07484
57002.836675| 18.42260|0.00092|2.98452|27.16886| -9.65100| 0.72577|0.07528
57003.699730| 18.42031|0.00087|2.97453|27.01878|-11.40800| 0.72948|0.07439
57003.780741| 18.42083|0.00085|2.98362|27.16208| -8.29900| 0.81035|0.07524
57008.794664| 18.42554|0.00089|2.98483|27.23691| -8.47600| 0.67870|0.07416
57009.758282| 18.42343|0.00096|2.98417|27.23776| -9.52000| 0.82957|0.07739
57018.767659| 18.42274|0.00089|2.98080|27.15568| -7.75000| 0.74996|0.07620
57019.805281| 18.42318|0.00086|2.98292|27.12674| -9.91000| 0.72861|0.07438
57020.768848| 18.42328|0.00094|2.98391|27.14113| -9.21900| 0.70647|0.07659
57021.781778| 18.42432|0.00088|2.98855|27.17832| -8.35500| 0.77245|0.07570
57022.823157| 18.42267|0.00084|2.97704|27.11455| -7.85900| 0.75755|0.07568
57044.693905| 18.42648|0.00118|2.98442|27.09853|-11.64000| 0.71069|0.07560
57045.680325| 18.42537|0.00088|2.98023|27.07829|-10.33400| 0.77001|0.07633
57046.711419| 18.42460|0.00111|2.98142|27.04414| -7.86200| 0.67113|0.07403
57047.720844| 18.42274|0.00094|2.98188|27.09602|-11.19900| 0.69951|0.07436
57048.661080| 18.42284|0.00095|2.98506|27.13972| -6.11600| 0.71390|0.07314
57049.681451| 18.42213|0.00092|2.98576|27.21182|-10.53600| 0.75232|0.07479
57050.644993| 18.42184|0.00095|2.98385|27.08475| -9.47200| 0.74432|0.07436
57051.724850| 18.41991|0.00095|2.97985|27.07808| -9.89400| 0.71017|0.07367
57052.722463| 18.42108|0.00083|2.98022|27.03200| -8.91900| 0.80395|0.07734
57058.694989| 18.42167|0.00091|2.98065|27.03456| -9.71100| 0.71058|0.07549
57061.731883| 18.42160|0.00094|2.98047|27.04682| -7.45800| 0.72385|0.07426
57062.695315| 18.42460|0.00085|2.97379|26.99258| -6.76100| 0.72778|0.07414
57100.592199| 18.42745|0.00116|2.98244|26.99822|-11.25900| 0.70007|0.07437
57101.563018| 18.42745|0.00118|2.98060|27.00319|-10.54000| 0.75914|0.07510
57103.559591| 18.42649|0.00100|2.98365|27.07202| -7.17300| 0.68253|0.07415
57104.566632| 18.42590|0.00096|2.98320|27.12200| -9.43300| 0.70296|0.07449
57114.553001| 18.42345|0.00090|2.98290|27.14434| -6.43800| 0.71577|0.07449
57115.524461| 18.42345|0.00086|2.98384|27.12692| -9.32500| 0.74772|0.07412
57116.547039| 18.42555|0.00100|2.98480|27.00897| -8.79500| 0.77198|0.07512
57117.520686| 18.42267|0.00097|2.98074|27.13717| -8.97800| 0.69275|0.07351
57135.481637| 18.41998|0.00081|2.98086|27.09210|-11.50000| 0.64780|0.07439
57141.460481| 18.41990|0.00082|2.97932|26.96584|-10.79200| 0.72150|0.07673
57143.483399| 18.42274|0.00092|2.97784|26.95689|-10.37900| 0.67834|0.07578
57144.471666| 18.42215|0.00113|2.97483|26.96636| -9.34700| 0.69936|0.07595
57306.879470| 18.42413|0.00091|3.01023|26.78015|  0.50000| 0.73823|0.07432
57308.876373| 18.42539|0.00089|3.01356|26.83116|  2.71400| 0.67152|0.07403
57311.884138| 18.42380|0.00083|3.00876|26.67166| -0.72300| 0.68565|0.07388
57312.876246| 18.42351|0.00083|3.01130|26.72934|  0.47000| 0.81954|0.07583
57318.839512| 18.42174|0.00083|3.01256|26.79415|  0.63200| 0.77057|0.07456
57319.838136| 18.42068|0.00137|3.01486|26.81770|  2.76100| 0.66017|0.07372
57325.822378| 18.42236|0.00079|3.01386|26.75967|  2.09900| 0.69423|0.07399
57364.853322| 18.42358|0.00093|3.02330|27.03307|  1.19300|99.00000|9.00000
57371.730133| 18.42336|0.00084|3.01605|26.86124| -0.91000| 0.78297|0.07471
57372.828553| 18.42151|0.00081|3.00668|26.62447|  0.86700| 0.77043|0.07443
57389.781072| 18.42324|0.00086|3.00784|26.76121|  2.35600| 0.68386|0.07264
57390.762202| 18.42303|0.00082|3.01606|26.88903|  2.51500| 0.74108|0.07404
57391.750483| 18.42265|0.00127|3.00874|26.70419| -1.45100| 0.70061|0.07510
57401.675203| 18.42379|0.00081|3.00824|26.74595| -0.08800| 0.74325|0.07324
57404.700923| 18.42473|0.00087|3.00930|26.78715|  0.31800| 0.77504|0.07577
57405.655072| 18.42384|0.00077|3.01032|26.77887| -0.15600| 0.69604|0.07339
57412.639032| 18.42132|0.00095|3.00941|26.75819|  0.15600| 0.85110|0.07983
57415.657416| 18.42256|0.00092|3.00947|26.83194|  0.62900| 0.67273|0.07352
57416.667010| 18.42500|0.00099|3.00849|26.80937| -0.70400| 0.64594|0.07391
57418.614654| 18.42373|0.00100|3.01311|26.91735|  3.32700| 0.70182|0.07412
57420.659199| 18.42461|0.00078|3.00621|26.69475|  1.52300| 0.70735|0.07450
57422.660081| 18.42347|0.00078|3.00409|26.62487|  0.67900| 0.74120|0.07540
57446.582774| 18.41912|0.00081|3.00464|26.65581|  0.66600| 0.74112|0.07528
57447.579846| 18.42115|0.00088|3.00525|26.67549|  1.23500| 0.87298|0.07878
57448.549767| 18.41938|0.00086|3.00722|26.71020|  1.63700| 0.76699|0.07574
57449.541826| 18.41805|0.00082|3.00723|26.76689|  1.60700| 0.73777|0.07510
57450.547159| 18.42301|0.00088|3.00487|26.74095|  0.91900| 0.81040|0.07572
57451.558509| 18.42152|0.00083|3.00372|26.69255|  0.68100| 0.71935|0.07515
57452.574371| 18.42187|0.00083|3.00346|26.63638| -0.21800| 0.65426|0.07492
57453.596667| 18.41989|0.00075|2.99797|26.54464|  0.34800| 0.69501|0.07403
57470.583554| 18.42202|0.00099|3.00924|26.83953|  2.96000| 0.64179|0.07445
57473.515142| 18.42253|0.00104|3.00591|26.71376|  1.49300| 0.67017|0.07264
57474.499335| 18.42479|0.00082|3.00373|26.71959|  0.02300| 0.64658|0.07371
57475.537342| 18.42411|0.00094|3.00878|26.82267| -0.49700| 0.68541|0.07345
57476.553290| 18.42390|0.00083|3.00050|26.57438| -0.42700| 0.62957|0.07352
57479.555674| 18.42417|0.00079|3.00004|26.50052| -0.28100| 0.66590|0.07462
57486.493274| 18.41831|0.00099|3.00740|26.74996| -1.63700| 0.73018|0.07329
57487.487937| 18.42197|0.00091|3.00202|26.71092|  0.40600| 0.69389|0.07334
57488.475204| 18.42076|0.00089|3.00307|26.65701|  0.50000| 0.76105|0.07377
57501.505489| 18.42417|0.00427|2.99388|24.86092|-14.65300| 0.59399|0.07217
57504.519884| 18.42134|0.00592|2.99889|26.70189|  1.53800| 0.39360|0.07265
57660.904333| 18.41722|0.00103|3.01042|26.44238|  1.14700| 0.54085|0.07392
57661.897769| 18.41612|0.00096|2.94915|25.04482|  0.75300|-0.58547|0.07387
